allreduce_dtype,num_gpus,message_size,latency,power
half,2,8388608,0.935450,0.0
half,2,10485760,1.161790,0.0
half,2,13107200,1.444520,0.0
half,2,16384000,1.797560,0.0
half,2,20480000,2.239920,0.0
half,2,25600000,2.792510,0.0
half,2,32000000,3.484010,0.0
half,2,40000000,4.345300,0.0
half,2,50000000,5.423420,0.0
half,2,62500000,6.772170,0.0
half,2,78125000,8.458150,0.0
half,2,97656250,10.564780,0.0
half,2,122070312,13.197040,0.0
half,2,152587890,16.490420,0.0
half,2,190734863,20.602190,0.0
half,2,238418578,25.777870,0.0
half,2,298023223,32.207530,0.0
half,2,372529028,40.246650,0.0
half,2,465661285,50.323970,0.0
half,2,582076606,62.881870,0.0
half,2,727595758,78.608840,0.0
half,2,909494697,98.264460,0.0
half,2,1136868371,122.820110,0.0
half,2,1421085464,153.513160,0.0
half,2,1776356830,191.893480,0.0
half,2,2220446037,239.854520,0.0
half,2,2775557546,299.826540,0.0
half,2,3469446933,374.772120,0.0
half,2,4336808666,468.456920,0.0
half,2,262144,0.065440,0.0
half,2,327680,0.074140,0.0
half,2,409600,0.084990,0.0
half,2,512000,0.099140,0.0
half,2,640000,0.100840,0.0
half,2,800000,0.116450,0.0
half,2,1000000,0.139270,0.0
half,2,1250000,0.165650,0.0
half,2,1562500,0.199180,0.0
half,2,1953125,0.241500,0.0
half,2,2441406,0.294320,0.0
half,2,3051757,0.360040,0.0
half,2,3814696,0.442060,0.0
half,2,1024,0.045090,0.0
half,2,2048,0.043130,0.0
half,2,4096,0.043700,0.0
half,2,8192,0.042650,0.0
half,2,16384,0.043950,0.0
half,2,32768,0.043370,0.0
half,2,65536,0.042920,0.0
half,2,131072,0.053350,0.0
half,4,8388608,0.531930,0.0
half,4,10485760,0.644710,0.0
half,4,13107200,0.785890,0.0
half,4,16384000,0.963300,0.0
half,4,20480000,1.229640,0.0
half,4,25600000,1.567700,0.0
half,4,32000000,2.140080,0.0
half,4,40000000,2.761190,0.0
half,4,50000000,3.302600,0.0
half,4,62500000,4.052180,0.0
half,4,78125000,4.970820,0.0
half,4,97656250,6.112080,0.0
half,4,122070312,7.547090,0.0
half,4,152587890,9.327730,0.0
half,4,190734863,11.838160,0.0
half,4,238418578,14.905440,0.0
half,4,298023223,18.000180,0.0
half,4,372529028,22.994220,0.0
half,4,465661285,25.991980,0.0
half,4,582076606,33.306740,0.0
half,4,727595758,42.203010,0.0
half,4,909494697,50.832670,0.0
half,4,1136868371,64.357000,0.0
half,4,1421085464,79.627930,0.0
half,4,1776356830,98.779160,0.0
half,4,2220446037,123.323800,0.0
half,4,2775557546,154.953110,0.0
half,4,3469446933,192.273320,0.0
half,4,4336808666,240.026820,0.0
half,4,262144,0.091860,0.0
half,4,327680,0.089380,0.0
half,4,409600,0.088050,0.0
half,4,512000,0.096070,0.0
half,4,640000,0.093220,0.0
half,4,800000,0.097630,0.0
half,4,1000000,0.119720,0.0
half,4,1250000,0.133680,0.0
half,4,1562500,0.156430,0.0
half,4,1953125,0.181640,0.0
half,4,2441406,0.209510,0.0
half,4,3051757,0.243480,0.0
half,4,3814696,0.284580,0.0
half,4,1024,0.065540,0.0
half,4,2048,0.046130,0.0
half,4,4096,0.042680,0.0
half,4,8192,0.045600,0.0
half,4,16384,0.040980,0.0
half,4,32768,0.045330,0.0
half,4,65536,0.044220,0.0
half,4,131072,0.128880,0.0
half,8,8388608,0.339320,0.0
half,8,10485760,0.396290,0.0
half,8,13107200,0.467300,0.0
half,8,16384000,0.556680,0.0
half,8,20480000,0.668250,0.0
half,8,25600000,0.806660,0.0
half,8,32000000,0.981000,0.0
half,8,40000000,1.213740,0.0
half,8,50000000,1.502870,0.0
half,8,62500000,1.978770,0.0
half,8,78125000,2.536700,0.0
half,8,97656250,3.137850,0.0
half,8,122070312,3.826200,0.0
half,8,152587890,4.687370,0.0
half,8,190734863,5.690120,0.0
half,8,238418578,6.946100,0.0
half,8,298023223,8.504210,0.0
half,8,372529028,10.590630,0.0
half,8,465661285,13.198150,0.0
half,8,582076606,16.449110,0.0
half,8,727595758,20.598760,0.0
half,8,909494697,25.487940,0.0
half,8,1136868371,31.820530,0.0
half,8,1421085464,39.834260,0.0
half,8,1776356830,49.733100,0.0
half,8,2220446037,62.171030,0.0
half,8,2775557546,77.692710,0.0
half,8,3469446933,96.882020,0.0
half,8,4336808666,121.091840,0.0
half,8,262144,0.258650,0.0
half,8,327680,0.127400,0.0
half,8,409600,0.127640,0.0
half,8,512000,0.141700,0.0
half,8,640000,0.122470,0.0
half,8,800000,0.113700,0.0
half,8,1000000,0.127960,0.0
half,8,1250000,0.126450,0.0
half,8,1562500,0.130830,0.0
half,8,1953125,0.147180,0.0
half,8,2441406,0.167820,0.0
half,8,3051757,0.190100,0.0
half,8,3814696,0.215050,0.0
half,8,1024,0.084090,0.0
half,8,2048,0.179640,0.0
half,8,4096,0.053100,0.0
half,8,8192,0.044150,0.0
half,8,16384,0.050810,0.0
half,8,32768,0.059740,0.0
half,8,65536,0.062030,0.0
half,8,131072,0.063040,0.0
